Most Informative Features
                  UNI_WP = 0.045454545454545456 positi : negati =      7.8 : 1.0
                  UNI_TO = 0.07692307692307693 positi : negati =      7.2 : 1.0
                 UNI_NNS = 0.125          positi : negati =      6.8 : 1.0
                  UNI_RB = 0.2            positi : negati =      6.6 : 1.0
                  UNI_TO = 0.09090909090909091 positi : negati =      5.9 : 1.0
                 UNI_RBR = 0.07142857142857142 positi : negati =      5.3 : 1.0
                 UNI_RBR = 0.03571428571428571 positi : negati =      5.3 : 1.0
                  UNI_IN = 0.6            positi : negati =      5.3 : 1.0
               BI_CC_VBG = 0.009708737864077669 positi : negati =      5.2 : 1.0
                 Insight = 5              positi : negati =      5.2 : 1.0
                 UNI_WDT = 0.08333333333333333 positi : negati =      5.1 : 1.0
                  UNI_'' = 0.047619047619047616 positi : negati =      5.0 : 1.0
               BI_DT_JJS = 0.009708737864077669 positi : negati =      4.9 : 1.0
                   UNI_. = 0.2            positi : negati =      4.8 : 1.0
                 UNI_WRB = 0.041666666666666664 positi : negati =      4.7 : 1.0
                 UNI_VBG = 0.03571428571428571 positi : negati =      4.7 : 1.0
                 BI_,_RB = 0.009708737864077669 positi : negati =      4.7 : 1.0
                BI_RB_DT = 0.019417475728155338 positi : negati =      4.6 : 1.0
                 UNI_VBN = 0.24           positi : negati =      4.6 : 1.0
                  UNI_TO = 0.03571428571428571 positi : negati =      4.6 : 1.0
